(22.0, 438747)
(20.0, 1194076)
(20.0, 1707783)
(33.0, 2376601)
(30.0, 3172064)
(30.0, 1749013)
(30.0, 2349699)
(20.0, 3472476)
(30.0, 8174414)
(33.0, 937365)
(20.0, 5611974)
(20.0, 3307389)
(30.0, 4317380)
(20.0, 2522810)
(29.0, 1971119)
(20.0, 4840389)
(20.0, 3636560)
(30.0, 4368837)
(29.0, 6861098)
(29.0, 6607198)
(29.0, 1813539)
(20.0, 4537321)
(20.0, 2600790)
(29.0, 7039994)
(30.0, 3781365)
(33.0, 1722111)
(29.0, 6633181)
(20.0, 2585076)
(20.0, 1719993)
(30.0, 4458089)
(29.0, 5768327)
(29.0, 3312467)
(20.0, 721665)
(30.0, 2450969)
(30.0, 4242745)
(30.0, 3530490)
(20.0, 4114613)
(30.0, 2994286)
(20.0, 2131420)
(20.0, 4906914)
(30.0, 6802428)
(30.0, 5624865)
(30.0, 6148952)
(30.0, 4230321)
(29.0, 4897067)
(20.0, 1608302)
(30.0, 5419940)
(29.0, 1533884)
(30.0, 6851786)
(29.0, 1191086)
(20.0, 6469044)
(20.0, 2631656)
(29.0, 3769194)
(20.0, 3930489)
(20.0, 3436524)
(20.0, 7066898)
(20.0, 327445)
(29.0, 3709565)
(30.0, 1111935)
(20.0, 3399474)